功能介绍简单说下就可以，介绍下操作方式，之后就选择一个工具演示下。。所谓演示方案，就是把你的演示过程大概写下来，






xmin ymin xmax ymax


-14371.845640359265,-11024.85977972088,-11024.85977972088,-1387.592543888229



范围：


mosaic rule:

{
  "mosaicMethod" : "esriMosaicLockRaster",
  "lockRasterIds" : [2448,2449,2450,2451,2452,2453,2454,2455,5519,5520,5521,5522,5523,5524,5525,5526,2551,2552,2553,2554,2555,2556,2557,2558,2347,2348,2349,2350,2351,2352,2353,2354]
}




http://192.168.111.21:8181/ese/services/AsyncService/ESE_THIRDSERVICE/submitJob?inputFile1=http://192.168.111.20:6080/arcgis/rest/services/ImageSharing/DS_PAI/ImageServer&inputFile2=http://192.168.111.20:6080/arcgis/rest/services/ImageSharing/DS_PAI/ImageServer&inputIDs1=29235,29236,29237&inputIDs2=29235,29236,29237&ThirdModelExe=multi.exe&roiCoords=-16860.402064516136,-5447.205016679365,-16865.693741766157,-5448.660227923121,-16886.198991109988,-5411.883071035473,-16817.010311065962,-5380.529883329098,-16801.1352793159,-5417.307040216745,-16860.402064516136,-5447.205016679365&dcpfilename=&shpfilename=TestShp&dcpuploadflag=YES&callback=callbacka200&_=1450165843970



067 011 012 016 019 020 024 027 034 036 037 039 042 046 047 048 055 056 057 059 060 061 062 063 064 066  068  069 071 076 078 079 080 081 082 083 086 087

089 093 094 	099  103  105 106 107 111 